osu file format v128

[General]
AudioFilename: audio.mp3
AudioLeadIn: 0
PreviewTime: 13754
Countdown: 0
SampleSet: Soft
StackLeniency: 0.7
Mode: 3
LetterboxInBreaks: 0
SpecialStyle: 0
WidescreenStoryboard: 1

[Editor]
DistanceSpacing: 1
BeatDivisor: 4
GridSize: 0
TimelineZoom: 1

[Metadata]
Title: Huntrix - Golden (Lyrics) KPop Demon Hunters
TitleUnicode: Huntrix - Golden (Lyrics) KPop Demon Hunters
Artist: The Vibe Guide
ArtistUnicode: The Vibe Guide
Creator: rimatchableu
Version: New Difficulty

[Difficulty]
HPDrainRate: 5
CircleSize: 4
OverallDifficulty: 5
ApproachRate: 5
SliderMultiplier: 1.3999999687075613
SliderTickRate: 1

[Events]
0,0,"bg.jpeg",0,0

[TimingPoints]
13752,487.8048780487805,4,2,0,100,1,0

[Colours]
Combo1: 255,192,0,255
Combo2: 0,202,0,255
Combo3: 18,124,255,255
Combo4: 242,24,57,255

[HitObjects]
384,192,13752,128,0,13995:2:0:0:100:
128,192,15215,1,0,2:0:0:100:
128,192,15703,1,0,2:0:0:100:
0,192,16191,1,0,2:0:0:100:
128,192,16678,1,0,2:0:0:100:
0,192,17166,1,0,2:0:0:100:
128,192,17654,1,0,2:0:0:100:
0,192,18142,1,0,2:0:0:100:
128,192,18630,1,0,2:0:0:100:
0,192,19117,1,0,2:0:0:100:
128,192,19605,1,0,2:0:0:100:
0,192,20093,1,0,2:0:0:100:
128,192,20581,1,0,2:0:0:100:
0,192,21069,1,0,2:0:0:100:
128,192,21556,1,0,2:0:0:100:
128,192,22044,1,0,2:0:0:100:
0,192,22532,1,0,2:0:0:100:
128,192,23020,1,0,2:0:0:100:
0,192,23508,1,0,2:0:0:100:
0,192,23995,1,0,2:0:0:100:
128,192,24483,1,0,2:0:0:100:
256,192,24971,1,0,2:0:0:100:
128,192,25459,1,0,2:0:0:100:
0,192,25947,1,0,2:0:0:100:
256,192,26434,1,0,2:0:0:100:
128,192,26922,1,0,2:0:0:100:
0,192,27410,1,0,2:0:0:100:
256,192,27898,1,0,2:0:0:100:
128,192,28386,1,0,2:0:0:100:
0,192,28873,1,0,2:0:0:100:
0,192,29361,1,0,2:0:0:100:
0,192,29849,1,0,2:0:0:100:
0,192,29971,1,0,2:0:0:100:
0,192,30093,1,0,2:0:0:100:
0,192,30215,1,0,2:0:0:100:
0,192,30337,1,0,2:0:0:100:
384,192,30825,1,0,2:0:0:100:
384,192,31312,1,0,2:0:0:100:
256,192,31800,1,0,2:0:0:100:
384,192,32288,1,0,2:0:0:100:
128,192,32776,1,0,2:0:0:100:
384,192,33264,1,0,2:0:0:100:
256,192,33752,1,0,2:0:0:100:
384,192,34239,1,0,2:0:0:100:
128,192,34727,1,0,2:0:0:100:
384,192,35215,1,0,2:0:0:100:
256,192,35703,1,0,2:0:0:100:
384,192,36191,1,0,2:0:0:100:
128,192,36678,1,0,2:0:0:100:
384,192,37166,1,0,2:0:0:100:
256,192,37654,1,0,2:0:0:100:
384,192,38142,1,0,2:0:0:100:
128,192,38630,1,0,2:0:0:100:
384,192,39117,1,0,2:0:0:100:
256,192,39605,1,0,2:0:0:100:
0,192,40093,1,0,2:0:0:100:
128,192,40581,1,0,2:0:0:100:
256,192,41069,1,0,2:0:0:100:
384,192,41556,1,0,2:0:0:100:
384,192,42044,128,0,42532:2:0:0:100:
0,192,42654,1,0,2:0:0:100:
128,192,43020,1,0,2:0:0:100:
256,192,43508,1,0,2:0:0:100:
128,192,43995,1,0,2:0:0:100:
0,192,44483,1,0,2:0:0:100:
384,192,44971,1,0,2:0:0:100:
384,192,45093,1,0,2:0:0:100:
384,192,45215,1,0,2:0:0:100:
384,192,45337,1,0,2:0:0:100:
384,192,45459,1,0,2:0:0:100:
384,192,45581,1,0,2:0:0:100:
0,192,45947,1,0,2:0:0:100:
256,192,46434,1,0,2:0:0:100:
256,192,46922,128,0,48630:2:0:0:100:
128,192,49117,128,0,49971:2:0:0:100:
0,192,50093,128,0,50825:2:0:0:100:
256,192,51069,128,0,51800:2:0:0:100:
0,192,53020,128,0,53508:2:0:0:100:
384,192,54727,1,0,2:0:0:100:
384,192,54849,1,0,2:0:0:100:
384,192,54971,1,0,2:0:0:100:
384,192,55093,1,0,2:0:0:100:
384,192,55215,1,0,2:0:0:100:
384,192,55337,1,0,2:0:0:100:
256,192,55703,1,0,2:0:0:100:
256,192,55825,1,0,2:0:0:100:
256,192,55947,1,0,2:0:0:100:
256,192,56069,1,0,2:0:0:100:
256,192,56191,1,0,2:0:0:100:
256,192,56312,1,0,2:0:0:100:
0,192,56678,1,0,2:0:0:100:
0,192,56800,1,0,2:0:0:100:
0,192,56922,1,0,2:0:0:100:
0,192,57044,1,0,2:0:0:100:
0,192,57166,1,0,2:0:0:100:
0,192,57288,1,0,2:0:0:100:
128,192,57654,1,0,2:0:0:100:
128,192,57776,1,0,2:0:0:100:
128,192,57898,1,0,2:0:0:100:
128,192,58020,1,0,2:0:0:100:
128,192,58142,1,0,2:0:0:100:
128,192,58264,1,0,2:0:0:100:
384,192,58386,1,0,2:0:0:100:
384,192,58508,1,0,2:0:0:100:
384,192,58630,1,0,2:0:0:100:
384,192,58752,1,0,2:0:0:100:
384,192,58873,1,0,2:0:0:100:
384,192,58995,1,0,2:0:0:100:
384,192,59117,1,0,2:0:0:100:
384,192,59239,1,0,2:0:0:100:
0,192,59605,1,0,2:0:0:100:
0,192,59727,1,0,2:0:0:100:
0,192,59849,1,0,2:0:0:100:
0,192,59971,1,0,2:0:0:100:
384,192,60215,1,0,2:0:0:100:
384,192,60337,1,0,2:0:0:100:
384,192,60459,1,0,2:0:0:100:
384,192,60581,1,0,2:0:0:100:
384,192,60703,1,0,2:0:0:100:
384,192,60825,1,0,2:0:0:100:
384,192,60947,1,0,2:0:0:100:
256,192,61069,1,0,2:0:0:100:
256,192,61191,1,0,2:0:0:100:
256,192,61312,1,0,2:0:0:100:
256,192,61434,1,0,2:0:0:100:
0,192,62532,128,0,62776:2:0:0:100:
0,192,63020,128,0,63264:2:0:0:100:
0,192,63508,128,0,63752:2:0:0:100:
128,192,63995,1,0,2:0:0:100:
384,192,64483,1,0,2:0:0:100:
256,192,64971,1,0,2:0:0:100:
256,192,65459,1,0,2:0:0:100:
128,192,65947,1,0,2:0:0:100:
128,192,66434,1,0,2:0:0:100:
256,192,66922,1,0,2:0:0:100:
128,192,67410,1,0,2:0:0:100:
256,192,67898,1,0,2:0:0:100:
128,192,68386,1,0,2:0:0:100:
256,192,68873,1,0,2:0:0:100:
128,192,69361,1,0,2:0:0:100:
256,192,69849,1,0,2:0:0:100:
0,192,70337,1,0,2:0:0:100:
256,192,70825,1,0,2:0:0:100:
0,192,71312,1,0,2:0:0:100:
384,192,71800,1,0,2:0:0:100:
256,192,72288,1,0,2:0:0:100:
128,192,72776,1,0,2:0:0:100:
256,192,73264,1,0,2:0:0:100:
256,192,73752,1,0,2:0:0:100:
0,192,74239,1,0,2:0:0:100:
256,192,74727,1,0,2:0:0:100:
384,192,75215,1,0,2:0:0:100:
384,192,75703,1,0,2:0:0:100:
256,192,76191,1,0,2:0:0:100:
384,192,76678,1,0,2:0:0:100:
384,192,76800,1,0,2:0:0:100:
384,192,76922,1,0,2:0:0:100:
384,192,77044,1,0,2:0:0:100:
384,192,77166,1,0,2:0:0:100:
