osu file format v14

[General]
AudioFilename:audio.mp3
AudioLeadIn:0
PreviewTime:126864
Countdown:0
SampleSet:Soft
StackLeniency:0.4
Mode:0
LetterboxInBreaks:0
WidescreenStoryboard:1

[Editor]
Bookmarks:106,15715,31325,46935,54740,62545,93764,128036,174865,188523
DistanceSpacing:1
BeatDivisor:3
GridSize:16
TimelineZoom:1.230003

[Metadata]
Title:Golden
TitleUnicode:Golden
Artist:HUNTR/X
ArtistUnicode:HUNTR/X
Creator:Astronic
Version:Normal
Tags:[jameson] jameson rumi mira zoey kpdh kdh ost original soundtrack movie film huntrix huntrx hunter x ejae 김은재 audrey chu nuna sarah yeeun lee rei ami korean english pop kpop k-pop netflix sony
BeatmapSetID:2398052
Source:KPop Demon Hunters
BeatmapID:5201214

[Difficulty]
HPDrainRate:3
CircleSize:3
OverallDifficulty:4
ApproachRate:5
SliderMultiplier:1.35
SliderTickRate:1

[Events]
//Background and Video events
0,0,"bg.jpg",0,0
Video,-417,"video.mp4"
//Break Periods
2,47135,53540
2,95903,109930
2,174873,181470
//Storyboard Layer 0 (Background)
//Storyboard Layer 1 (Fail)
//Storyboard Layer 2 (Pass)
//Storyboard Layer 3 (Foreground)
//Storyboard Layer 4 (Overlay)
//Storyboard Sound Samples

[TimingPoints]
106,487.80487804878,4,2,1,60,1,0
22870,-100,4,2,2,60,0,0
23032,-100,4,2,1,60,0,0
31325,-100,4,2,1,70,0,0
45146,-100,4,2,2,70,0,0
45471,-100,4,2,1,70,0,0
45634,-100,4,2,2,70,0,0
45959,-100,4,2,1,70,0,0
46284,-100,4,2,2,70,0,0
46447,-100,4,2,1,70,0,0
46772,-100,4,2,2,70,0,0
46935,-100,4,2,1,50,0,0
54740,-100,4,2,1,60,0,0
62545,-90.9090909090909,4,2,1,85,0,1
69861,-90.9090909090909,4,2,2,85,0,1
70349,-90.9090909090909,4,2,1,85,0,1
77179,-90.9090909090909,4,2,2,85,0,1
77666,-90.9090909090909,4,2,1,85,0,1
85471,-90.9090909090909,4,2,2,85,0,1
85959,-90.9090909090909,4,2,1,85,0,1
92301,-90.9090909090909,4,2,2,85,0,1
92788,-90.9090909090909,4,2,1,85,0,1
93772,975.609756097561,4,2,1,70,1,0
95235,1090.90909090909,4,2,1,70,1,0
95903,2051.28205128205,4,2,1,60,1,0
97954,2000,4,2,1,60,1,0
99954,1893.93939393939,4,2,1,60,1,0
101847,2078.28195358504,4,2,1,60,1,0
103925,1997.33688415446,4,2,1,60,1,0
105922,1950.58517555267,4,2,1,60,1,0
107872,2058.31903945111,4,2,1,60,1,0
109930,1976.93574958814,4,2,1,60,1,0
111906,975.609756097561,4,2,1,50,1,0
113857,1000,4,2,1,60,1,0
115857,1000,4,2,1,60,1,0
123857,2051.28205128205,4,2,1,60,1,0
124882,2123.89380530973,4,2,1,60,1,0
124882,-50,4,2,1,60,0,0
125943,2105.26315789474,4,2,1,60,1,0
126995,2222.22222222222,4,2,1,60,1,0
128036,487.80487804878,4,2,1,85,1,1
128036,-90.9090909090909,4,2,1,85,0,1
135353,-90.9090909090909,4,2,2,85,0,1
135840,-90.9090909090909,4,2,1,85,0,1
142670,-90.9090909090909,4,2,2,85,0,1
143157,-90.9090909090909,4,2,1,85,0,1
150962,-90.9090909090909,4,2,2,85,0,1
151450,-90.9090909090909,4,2,1,85,0,1
157466,-90.9090909090909,4,2,2,85,0,1
157792,-90.9090909090909,4,2,1,85,0,1
157954,-90.9090909090909,4,2,2,85,0,1
158279,-90.9090909090909,4,2,1,85,0,1
158442,-90.9090909090909,4,2,2,85,0,1
158767,-90.9090909090909,4,2,1,85,0,1
166572,-90.9090909090909,4,2,2,85,0,1
167060,-90.9090909090909,4,2,1,85,0,1
173076,-90.9090909090909,4,2,2,85,0,1
173401,-90.9090909090909,4,2,1,85,0,1
173564,-90.9090909090909,4,2,2,85,0,1
173889,-90.9090909090909,4,2,1,85,0,1
174051,-90.9090909090909,4,2,2,85,0,1
174377,-90.9090909090909,4,2,1,85,0,1
174865,-90.9090909090909,4,2,1,40,0,0
184621,-90.9090909090909,4,2,1,50,0,0
186572,-90.9090909090909,4,2,1,60,0,0
188523,-90.9090909090909,4,2,1,70,0,0


[Colours]
Combo1 : 255,170,170
Combo2 : 255,235,96
Combo3 : 137,245,232
Combo4 : 159,64,255
Combo5 : 241,56,103

[HitObjects]
384,0,13764,6,0,B|319:81|386:193|416:187|449:181|523:250|480:368,1,405,0|8,3:0|0:0,0:0:0:0:
359,303,15715,5,0,3:0:0:0:
234,356,16203,2,0,L|90:324,1,135,2|2,3:2|3:2,0:0:0:0:
16,224,17179,2,0,P|1:147|33:93,1,135,2|2,3:2|3:2,0:0:0:0:
128,16,18154,1,0,3:2:0:0:
192,80,18479,2,0,B|272:64|272:64|288:96|288:96|368:80,1,180,2|0,0:0|3:2,0:0:0:0:
383,54,19292,2,0,L|463:70,1,45
471,70,19618,5,2,3:2:0:0:
511,198,20105,1,0,3:2:0:0:
443,257,20431,2,0,B|411:289|411:289|251:257,1,180,2|0,0:0|3:2,0:0:0:0:
255,223,21244,2,0,L|191:239,1,45,2|2,0:0|0:0,0:0:0:0:
168,246,21569,1,2,3:2:0:0:
140,113,22057,1,0,3:2:0:0:
7,141,22545,2,0,L|23:45,2,90,2|2|2,3:2|3:2|0:0,0:0:0:0:
27,228,23520,5,0,3:2:0:0:
4,361,24008,2,0,L|148:345,1,135,2|2,3:2|3:2,0:0:0:0:
215,235,24984,2,0,L|359:251,1,135,2|2,3:2|3:2,0:0:0:0:
464,320,25959,1,0,3:2:0:0:
482,232,26284,2,0,B|505:142|432:152|451:61,1,180,2|0,0:0|3:2,0:0:0:0:
416,32,27097,2,0,L|352:48,1,45,0|2,0:0|0:0,0:0:0:0:
329,56,27423,5,2,3:2:0:0:
203,6,27910,1,0,3:2:0:0:
137,67,28236,2,0,P|118:142|194:206,1,180,2|0,0:0|3:2,0:0:0:0:
232,199,29049,2,0,L|312:183,1,45,2|2,0:0|0:0,0:0:0:0:
320,180,29374,5,2,3:2:0:0:
390,243,29699,1,2,0:0:0:0:
390,243,29862,2,0,L|374:307,1,45,2|0,3:2|3:2,0:0:0:0:
368,330,30187,2,0,L|272:346,1,90,2|2,3:2|0:0,0:0:0:0:
239,359,30675,1,2,0:0:0:0:
239,359,30837,1,10,3:2:0:0:
112,320,31325,5,0,3:2:0:0:
138,234,31650,2,0,L|112:96,1,135,2|2,0:0|0:0,0:0:0:0:
104,56,32301,1,0,3:2:0:0:
182,9,32626,1,2,0:0:0:0:
182,9,32788,2,0,L|278:25,1,90,8|2,3:2|0:0,0:0:0:0:
301,56,33276,5,0,3:2:0:0:
391,41,33601,2,0,P|444:52|496:128,1,135,2|2,0:0|0:0,0:0:0:0:
482,156,34252,1,0,3:2:0:0:
496,288,34740,1,10,3:2:0:0:
362,307,35227,6,0,P|344:350|296:379,2,90,2|2|2,3:2|0:0|0:0,0:0:0:0:
272,288,36203,2,0,P|228:305|174:292,2,90,2|2|2,3:2|0:0|0:0,0:0:0:0:
223,211,37179,2,0,L|255:67,1,135,2|8,3:2|0:0,0:0:0:0:
128,16,38154,1,0,3:2:0:0:
48,64,38479,1,10,0:2:0:0:
48,64,38642,1,10,3:2:0:0:
80,192,39130,5,0,3:2:0:0:
18,258,39455,2,0,P|58:280|146:257,1,135,2|2,0:0|0:0,0:0:0:0:
192,272,40105,1,0,3:2:0:0:
212,364,40431,1,2,0:0:0:0:
212,364,40593,2,0,L|308:380,1,90,10|2,3:2|0:0,0:0:0:0:
336,352,41081,5,0,3:2:0:0:
432,336,41406,2,0,B|464:304|464:304|448:208,1,135,2|2,0:0|0:0,0:0:0:0:
443,170,42057,2,0,P|435:99|480:48,1,135,0|10,3:2|3:2,0:0:0:0:
339,26,43032,6,0,L|243:10,2,90,2|2|2,3:2|0:0|0:0,0:0:0:0:
346,115,44008,2,0,L|442:99,2,90,2|2|2,3:2|0:0|0:0,0:0:0:0:
281,178,44984,2,0,B|268:247|327:239|307:319,1,135,2|8,3:2|0:0,0:0:0:0:
300,349,45634,2,0,L|236:365,1,45,2|2,3:2|3:2,0:0:0:0:
213,374,45959,1,2,3:2:0:0:
131,335,46284,1,0,3:2:0:0:
131,335,46447,2,0,L|147:239,1,90,10|0,3:2|3:2,0:0:0:0:
154,201,46935,5,2,0:0:0:0:
154,201,54740,6,0,P|121:162|127:72,1,135,2|2,1:2|1:2,0:0:0:0:
256,48,55715,2,0,P|289:87|283:177,1,135,2|2,1:2|1:2,0:0:0:0:
240,288,56691,1,2,1:2:0:0:
336,384,57179,1,2,1:2:0:0:
464,336,57666,2,0,L|480:224,1,90,2|0,1:2|1:2,0:0:0:0:
448,208,58154,2,0,L|432:112,1,90,2|0,1:2|1:2,0:0:0:0:
448,80,58642,6,0,L|512:96,2,45,2|0|0,1:2|1:2|1:2,0:0:0:0:
432,48,59130,1,2,1:2:0:0:
304,0,59618,2,0,L|208:16,1,90,2|0,1:2|1:2,0:0:0:0:
192,48,60105,1,0,1:2:0:0:
107,33,60431,1,0,1:2:0:0:
107,33,60593,2,0,L|91:129,1,90,0|0,1:2|1:2,0:0:0:0:
84,166,61081,2,0,L|180:182,1,90,8|8,1:2|1:2,0:0:0:0:
217,188,61569,1,2,0:0:0:0:
464,32,62545,6,0,P|444:84|457:133,1,99,6|0,3:2|0:0,0:0:0:0:
481,164,63032,2,0,P|504:207|493:266,1,99,10|0,0:0|0:0,0:0:0:0:
477,300,63520,1,2,3:2:0:0:
400,352,63845,1,2,0:0:0:0:
400,352,64008,2,0,L|288:336,1,99,10|0,0:0|0:0,0:0:0:0:
288,288,64496,2,0,B|224:304|224:304|208:288|208:288|144:304,1,148.5,2|10,3:2|0:0,0:0:0:0:
17,236,65471,2,0,L|29:187,1,49.5,2|2,3:2|0:0,0:0:0:0:
80,176,65797,1,2,0:0:0:0:
80,176,65959,2,0,L|64:64,1,99,10|2,0:0|0:0,0:0:0:0:
92,35,66447,5,2,3:2:0:0:
187,77,66772,1,2,0:0:0:0:
187,77,66935,1,8,0:0:0:0:
324,19,67423,2,0,L|404:35,1,49.5,2|2,3:2|0:0,0:0:0:0:
424,21,67748,1,2,0:0:0:0:
424,21,67910,2,0,L|440:133,1,99,10|2,0:0|0:0,0:0:0:0:
482,141,68398,1,2,3:2:0:0:
472,243,68723,1,2,0:0:0:0:
472,243,68886,1,8,0:0:0:0:
320,208,69374,2,0,L|256:224,1,49.5,2|0,3:2|3:0,0:0:0:0:
256,272,69699,2,0,L|192:256,1,49.5,2|8,3:2|3:2,0:0:0:0:
176,224,70024,2,0,L|112:240,1,49.5,2|0,3:2|3:0,0:0:0:0:
80,249,70349,5,2,3:2:0:0:
192,352,70837,2,0,L|304:372,1,99,10|0,0:0|0:0,0:0:0:0:
340,376,71325,2,0,P|348:328|400:288,1,99,2|2,3:2|0:0,0:0:0:0:
428,276,71813,1,10,0:0:0:0:
480,192,72138,1,0,0:0:0:0:
480,192,72301,6,0,B|448:160|448:160|480:32,1,148.5,2|10,3:2|0:0,0:0:0:0:
336,0,73276,1,2,3:2:0:0:
336,0,73439,2,0,L|272:16,1,49.5,2|2,0:0|0:0,0:0:0:0:
250,51,73764,1,10,0:0:0:0:
250,51,73927,2,0,L|186:35,1,49.5,2|2,0:0|0:0,0:0:0:0:
158,5,74252,2,0,P|84:34|70:72,1,99,2|2,3:2|0:0,0:0:0:0:
49,94,74740,1,8,0:0:0:0:
75,239,75227,2,0,L|59:303,1,49.5,2|2,3:2|0:0,0:0:0:0:
107,320,75553,1,2,0:0:0:0:
107,320,75715,2,0,L|219:304,1,99,10|2,0:0|0:0,0:0:0:0:
253,296,76203,5,2,3:2:0:0:
320,368,76528,1,2,3:2:0:0:
320,368,76691,2,0,L|384:359,1,49.5,8|0,3:2|3:0,0:0:0:0:
422,358,77016,1,0,3:0:0:0:
422,358,77179,2,0,L|406:246,1,99,2|2,3:2|3:2,0:0:0:0:
400,211,77666,1,8,1:2:0:0:
324,83,78154,6,0,B|242:103|255:32|164:57,2,148.5,6|10|2,3:2|0:0|3:2,0:0:0:0:
469,53,79618,2,0,P|503:93|504:149,1,99,10|0,0:0|0:0,0:0:0:0:
480,176,80105,2,0,L|496:288,1,99,2|0,3:2|0:0,0:0:0:0:
502,322,80593,1,10,0:0:0:0:
352,352,81081,2,0,L|240:336,1,99,2|0,3:2|0:0,0:0:0:0:
224,304,81569,1,10,0:0:0:0:
224,304,81732,2,0,L|160:320,1,49.5
129,334,82057,5,2,3:2:0:0:
48,288,82382,1,0,0:0:0:0:
48,288,82545,2,0,L|64:176,1,99,10|0,0:0|0:0,0:0:0:0:
68,141,83032,1,2,3:2:0:0:
22,59,83358,1,0,0:0:0:0:
22,59,83520,2,0,P|55:45|90:47,1,49.5,10|0,0:0|0:0,0:0:0:0:
114,61,83845,1,2,0:0:0:0:
114,61,84008,2,0,B|178:45|178:45|210:61|210:61|274:45,1,148.5,0|8,3:2|0:0,0:0:0:0:
400,18,84984,1,0,3:2:0:0:
352,160,85471,2,0,L|288:176,2,49.5,10|0|0,3:2|3:2|3:2,0:0:0:0:
400,151,85959,6,0,P|443:176|472:272,2,148.5,6|10|2,3:2|0:0|3:2,0:0:0:0:
288,48,87423,2,0,L|186:72,1,99,10|0,0:0|0:0,0:0:0:0:
152,40,87910,2,0,P|98:41|54:70,1,99,2|0,3:2|0:0,0:0:0:0:
28,101,88398,1,10,0:0:0:0:
16,256,88886,2,0,L|128:272,1,99,2|0,3:2|0:0,0:0:0:0:
139,312,89374,2,0,L|187:302,1,49.5,10|0,0:0|0:0,0:0:0:0:
240,296,89699,1,0,0:0:0:0:
240,296,89862,5,2,3:2:0:0:
288,160,90349,2,0,L|400:176,1,99,10|0,0:0|0:0,0:0:0:0:
432,144,90837,2,0,P|470:179|481:242,1,99,2|0,3:2|0:0,0:0:0:0:
482,272,91325,1,10,0:0:0:0:
436,361,91650,1,2,0:0:0:0:
436,361,91813,2,0,L|324:345,1,99,2|0,3:2|3:0,0:0:0:0:
304,304,92301,1,8,3:2:0:0:
304,304,92463,2,0,L|240:320,1,49.5,0|0,3:0|3:0,0:0:0:0:
207,328,92788,1,2,3:0:0:0:
159,63,93764,5,0,3:0:0:0:
159,63,111906,6,0,L|79:47,1,67.5,2|2,0:0|0:0,0:0:0:0:
32,112,112881,2,0,L|48:192,1,67.5,2|2,0:0|0:0,0:0:0:0:
11,256,113857,5,2,0:0:0:0:
33,340,114357,1,2,0:0:0:0:
116,313,114857,2,0,L|196:329,1,67.5,2|2,0:0|0:0,0:0:0:0:
266,350,115857,5,2,0:0:0:0:
326,286,116357,1,2,0:0:0:0:
276,213,116857,2,0,P|261:171|266:127,1,67.5,2|2,0:0|0:0,0:0:0:0:
280,108,117607,1,2,0:0:0:0:
496,320,119357,1,2,0:0:0:0:
416,368,119857,6,0,L|336:352,1,67.5,2|2,0:0|0:0,0:0:0:0:
288,288,120857,1,2,0:0:0:0:
202,308,121357,1,2,0:0:0:0:
116,326,121857,2,0,P|77:296|62:253,1,67.5,2|2,0:0|0:0,0:0:0:0:
49,194,122857,1,2,0:0:0:0:
53,106,123357,1,2,0:0:0:0:
117,44,123857,5,2,0:0:0:0:
231,91,124626,1,2,0:0:0:0:
231,91,124882,2,0,L|311:75,1,67.5,2|2,0:0|0:0,0:0:0:0:
340,70,125678,1,2,0:0:0:0:
272,368,128036,6,0,L|384:352,1,99,6|0,3:2|0:0,0:0:0:0:
416,368,128523,2,0,L|432:256,1,99,10|0,0:0|0:0,0:0:0:0:
437,215,129011,1,2,3:2:0:0:
501,127,129336,1,2,0:0:0:0:
501,127,129499,2,0,P|490:79|447:39,1,99,10|2,0:0|0:0,0:0:0:0:
402,35,129987,2,0,B|324:54|334:-12|246:7,1,148.5,2|10,3:2|0:0,0:0:0:0:
117,41,130962,2,0,L|101:105,1,49.5,2|2,3:2|0:0,0:0:0:0:
69,123,131288,1,2,0:0:0:0:
69,123,131450,2,0,P|51:174|70:231,1,99,10|2,0:0|0:0,0:0:0:0:
88,257,131938,6,0,L|207:233,1,99,2|2,3:2|0:0,0:0:0:0:
234,239,132426,1,8,0:0:0:0:
344,122,132914,1,2,3:2:0:0:
344,122,133076,2,0,L|408:138,1,49.5,2|2,0:0|0:0,0:0:0:0:
444,150,133401,2,0,P|476:123|487:98,2,49.5,10|2|2,0:0|0:0|0:0,0:0:0:0:
405,188,133889,2,0,P|388:224|398:289,1,99,2|2,3:2|0:0,0:0:0:0:
419,329,134377,1,8,0:0:0:0:
256,368,134865,2,0,L|144:352,1,99,2|2,3:2|3:2,0:0:0:0:
112,368,135353,1,8,3:2:0:0:
112,368,135515,2,0,L|96:304,1,49.5,2|0,3:2|3:0,0:0:0:0:
50,298,135840,6,0,P|33:246|48:196,1,99,2|0,3:2|0:0,0:0:0:0:
86,171,136328,2,0,P|106:129|96:75,1,99,10|0,0:0|0:0,0:0:0:0:
72,30,136816,1,2,3:2:0:0:
176,0,137141,1,2,0:0:0:0:
176,0,137304,2,0,L|288:16,1,99,10|0,0:0|0:0,0:0:0:0:
327,26,137792,2,0,B|346:115|279:93|304:184,1,148.5,2|10,3:2|0:0,0:0:0:0:
336,311,138767,2,0,L|400:295,1,49.5,2|2,3:2|0:0,0:0:0:0:
432,320,139092,1,2,0:0:0:0:
432,320,139255,2,0,P|469:282|473:222,1,99,10|2,0:0|0:0,0:0:0:0:
463,185,139743,6,0,P|450:112|474:79,1,99,2|2,3:2|0:0,0:0:0:0:
496,52,140231,1,8,0:0:0:0:
336,16,140718,1,2,3:2:0:0:
336,16,140881,2,0,L|272:32,1,49.5,2|2,0:0|0:0,0:0:0:0:
240,64,141206,1,10,0:0:0:0:
240,64,141369,2,0,L|176:48,1,49.5,2|2,0:0|0:0,0:0:0:0:
139,36,141694,1,2,3:2:0:0:
34,67,142019,1,2,3:2:0:0:
34,67,142182,2,0,L|18:19,2,49.5,8|0|0,3:2|3:0|3:0,0:0:0:0:
64,112,142670,2,0,L|48:176,1,49.5,2|0,3:2|3:0,0:0:0:0:
64,208,142995,1,2,3:2:0:0:
64,208,143157,1,8,1:2:0:0:
224,184,143645,6,0,B|256:216|256:216|224:328,2,148.5,6|10|2,3:2|0:0|3:2,0:0:0:0:
192,16,145109,2,0,L|303:39,1,99,10|0,0:0|0:0,0:0:0:0:
322,78,145596,2,0,P|370:40|419:46,1,99,2|0,3:2|0:0,0:0:0:0:
457,58,146084,1,10,0:0:0:0:
496,224,146572,2,0,L|384:208,1,99,2|0,3:2|0:0,0:0:0:0:
352,256,147060,1,10,0:0:0:0:
352,256,147222,2,0,L|368:320,1,49.5
377,357,147548,5,2,3:2:0:0:
224,304,148035,2,0,L|112:320,1,99,10|0,0:0|0:0,0:0:0:0:
72,329,148523,2,0,P|34:287|31:232,1,99,2|0,3:2|0:0,0:0:0:0:
45,194,149011,1,10,0:0:0:0:
22,92,149336,1,2,0:0:0:0:
22,92,149499,2,0,L|70:76,1,49.5,0|0,3:2|0:0,0:0:0:0:
125,96,149824,1,0,0:0:0:0:
125,96,149987,2,0,P|182:106|255:39,1,148.5,8|0,0:0|3:2,0:0:0:0:
391,8,150962,2,0,L|403:56,1,49.5,10|0,3:2|3:2,0:0:0:0:
447,88,151287,1,0,3:2:0:0:
447,88,151450,6,0,L|335:104,1,99,2|0,3:2|0:0,0:0:0:0:
345,151,151938,2,0,P|317:199|325:259,1,99,10|0,0:0|0:0,0:0:0:0:
336,287,152426,1,2,3:2:0:0:
474,339,152914,2,0,L|490:227,1,99,10|0,0:0|0:0,0:0:0:0:
480,192,153401,2,0,L|464:80,1,99,2|0,3:2|0:0,0:0:0:0:
487,43,153889,1,10,0:0:0:0:
336,0,154377,2,0,P|280:30|228:28,1,99,2|0,3:2|0:0,0:0:0:0:
198,15,154865,2,0,L|149:27,1,49.5,10|0,0:0|0:0,0:0:0:0:
105,40,155190,1,0,0:0:0:0:
105,40,155353,5,2,3:2:0:0:
54,126,155678,1,0,0:0:0:0:
54,126,155840,2,0,P|40:179|66:235,1,99,10|0,0:0|0:0,0:0:0:0:
78,262,156328,2,0,P|134:246|189:266,1,99,2|0,3:2|0:0,0:0:0:0:
202,295,156816,1,10,0:0:0:0:
288,352,157141,1,2,3:2:0:0:
288,352,157304,2,0,L|352:336,1,49.5,0|0,3:2|3:0,0:0:0:0:
371,299,157629,1,0,3:0:0:0:
371,299,157792,2,0,L|435:315,1,49.5,8|0,3:2|3:0,0:0:0:0:
471,327,158117,1,0,3:0:0:0:
471,327,158279,2,0,L|456:216,1,99,2|2,3:2|3:2,0:0:0:0:
451,174,158767,1,8,3:2:0:0:
318,83,159255,6,0,P|301:53|298:14,2,49.5,6|2|2,3:2|0:0|0:0,0:0:0:0:
357,120,159743,2,0,P|341:171|291:202,1,99,10|2,0:0|0:0,0:0:0:0:
253,182,160231,1,2,3:2:0:0:
227,287,160556,1,2,0:0:0:0:
227,287,160718,2,0,L|112:304,1,99,8|2,0:0|0:0,0:0:0:0:
75,310,161206,6,0,L|59:374,2,49.5,2|2|2,3:2|0:0|0:0,0:0:0:0:
46,263,161694,2,0,P|21:221|34:166,1,99,10|2,0:0|0:0,0:0:0:0:
46,121,162182,1,0,3:2:0:0:
160,0,162670,1,8,0:0:0:0:
160,0,162832,2,0,L|176:64,1,49.5
192,96,163157,6,0,P|242:108|296:86,1,99,2|2,3:2|0:0,0:0:0:0:
336,64,163645,1,10,0:0:0:0:
336,64,163808,2,0,L|400:80,1,49.5,2|2,0:0|0:0,0:0:0:0:
432,48,164133,1,2,3:2:0:0:
480,144,164458,1,2,0:0:0:0:
480,144,164621,2,0,P|458:190|474:256,1,99,8|2,0:0|0:0,0:0:0:0:
448,288,165109,2,0,L|512:304,2,49.5,2|2|2,3:2|0:0|0:0,0:0:0:0:
416,320,165596,1,10,0:0:0:0:
416,320,165759,2,0,L|352:336,1,49.5,2|2,0:0|0:0,0:0:0:0:
315,345,166084,1,0,3:2:0:0:
224,272,166409,1,2,3:2:0:0:
224,272,166572,2,0,L|240:144,1,99,10|2,3:2|3:0,0:0:0:0:
250,120,167060,6,0,P|310:145|387:116,2,148.5,6|10|2,3:2|0:0|3:2,0:0:0:0:
126,12,168523,1,10,0:0:0:0:
48,160,169011,2,0,P|26:210|38:265,1,99,2|0,3:2|0:0,0:0:0:0:
22,306,169499,2,0,P|64:341|125:350,1,99,10|0,0:0|0:0,0:0:0:0:
153,336,169987,2,0,P|174:323|198:318,1,49.5000015106202,2|0,3:2|0:0,0:0:0:0:
251,327,170312,1,0,0:0:0:0:
251,327,170475,1,10,0:0:0:0:
398,341,170962,6,0,L|414:229,1,99,2|0,3:2|0:0,0:0:0:0:
436,199,171450,2,0,P|424:142|394:104,1,99,10|0,0:0|0:0,0:0:0:0:
361,77,171938,1,2,3:2:0:0:
256,96,172263,1,0,0:0:0:0:
256,96,172426,2,0,L|240:160,1,49.5,10|0,0:0|0:0,0:0:0:0:
277,186,172751,1,2,3:2:0:0:
277,186,172914,6,0,L|251:298,1,99,0|0,3:2|3:2,0:0:0:0:
208,320,173401,1,8,3:2:0:0:
208,320,173564,2,0,L|144:304,1,49.5,0|0,3:0|3:0,0:0:0:0:
123,267,173889,2,0,L|59:283,1,49.5,0|0,3:2|3:2,0:0:0:0:
27,300,174214,1,0,3:2:0:0:
27,300,174377,1,8,3:2:0:0:
256,192,182670,12,2,188523,3:2:0:0:
